2044.65450324
2158.69743324
2286.79239324
2414.88735324
2551.94626324
2665.98919324
2737.02630324
2808.06341324
2964.16452324
3095.20501324
3208.28907324
3322.33200324
3450.42696324
3578.52192324
3707.56451324
3806.63292324
3969.69625324
4098.73884324
4284.81815324
4399.84509324
4486.87712324
4583.92988324
4697.01394324
4812.04088324
4941.08347324
5038.13623324
5151.22029324
5282.26078324
5381.32919324
5484.33838324
5571.37041324
5670.43882324
5826.53993324
5989.60326324
6136.67167324
6250.71460324
6351.76228324
6479.82086324
6665.90017324
6778.98423324
6935.08534324
6992.10680324
7155.17013324
7283.26509324
7382.33350324
7513.37399324
7626.45805324
7754.55301324
7869.57995324
7997.67491324
8111.71784324
8225.76077324
8353.85573324
8500.92414324
8629.01910324
8700.05621324
8829.09880324
8932.10799324
8989.12945324
9088.19786324
9185.25062324
9298.33468324
9435.39359324
9621.47290324
9734.55696324
9805.59407324
9952.66248324
10108.7635932
10223.7905332
10322.8589432
10423.9066232
10586.9699532
10674.0019832
10837.0653132
10936.1337232
11007.1708332
11144.2297432
11259.2566832
11387.3152632
11524.3741732
11627.3833632
11740.4674232
11855.4943632
