11836.2029877
828.762518857
941.846578857
984.863628857
1078.90548886
1083.93203886
1235.00659886
1246.99536886
1334.02739886
1334.07500886
1435.12268886
1465.06788886
1548.20674886
1578.15194886
1661.29080886
1693.17888886
1718.31226886
1796.18807886
1855.37117886
1895.25648886
1968.45523886
1998.26567886
2083.48217886
2126.36063886
2198.50911886
2225.42904886
2311.59317886
2353.48762886
2442.63366886
2452.55603886
2598.73477886
2615.61936886
2695.78753886
2729.66229886
2826.82802886
2843.70522886
2927.87570886
3006.76855886
3083.97681886
3162.86966886
3197.06087886
3299.92857886
3312.08781886
3383.12492886
3400.97625886
3514.16541886
3532.01674886
3617.17460886
3674.19606886
3695.08007886
3782.11210886
3803.23865886
3869.14413886
3950.30706886
3970.19181886
4007.32852886
4099.23440886
4163.42963886
4212.31846886
4278.45657886
4299.35049886
4441.51990886
4462.41382886
4528.55193886
4561.48223886
4615.58396886
4692.52272886
4746.62445886
4789.57548886
4860.61259886
4893.69286886
4997.67150886
5079.77217886
5084.70353886
5155.74064886
5242.83550886
5252.79340886
5339.82543886
5343.88318886
5471.94176886
5486.89384886
5586.96870886
5614.98880886
5700.05276886
5746.02929886
5771.08987886
5861.05623886
5872.13755886
5964.06542886
5975.14674886
6065.11310886
6090.17368886
6136.15021886
6221.21417886
6249.23427886
6349.30913886
6364.26121886
6492.31979886
6496.37754886
6583.40957886
6593.36747886
6680.46233886
6751.49944886
6756.43080886
6838.53147886
6942.51011886
6975.59038886
7046.62749886
7089.57852886
7143.68025886
7220.61901886
7274.72074886
7307.65104886
7373.78915886
7394.68307886
7536.85248886
7557.74640886
7623.88451886
7672.77334886
7736.96857886
7828.87445886
7866.01116886
7885.89591886
7967.05884886
8032.96432886
8054.09087886
8141.12290886
8162.00691886
8219.02837886
8304.18623886
8322.03756886
8435.22672886
8453.07805886
8524.11516886
8536.27440886
8639.14210886
8673.33331886
8752.22616886
8829.43442886
8908.32727886
8992.49775886
9009.37495886
9106.54068886
9140.41544886
9220.58361886
9237.46820886
9383.64694886
9393.56931886
9482.71535886
9524.60980886
9610.77393886
9637.69386886
9709.84234886
9752.72080886
9837.93730886
9867.74774886
9940.94649886
9980.83180886
10040.0149089
10117.8907189
10143.0240989
10174.9121789
10258.0510389
10287.9962389
10371.1350989
10401.0802989
10502.1279789
10502.1755889
10589.2076189
10601.1963889
10752.2709489
10757.2974989
10851.3393589
10894.3564089
11007.4404689
